<?xml version="1.0"?>
<opencv_storage>
<calibration_time>"07/08/19 13:39:24"</calibration_time>
<image_width>640</image_width>
<image_height>480</image_height>
<board_width>7</board_width>
<board_height>6</board_height>
<square_size>3.1111000061035156e+001</square_size>
<!-- flags: -->
<flags>6144</flags>
<camera_matrix type_id="opencv-matrix">
  <rows>3</rows>
  <cols>3</cols>
  <dt>d</dt>
  <data>
    4.5458074909409788e+002 0. 2.7533612875917777e+002 0.
    4.5462118356492675e+002 2.4894700004689378e+002 0. 0. 1.</data></camera_matrix>
<distortion_coefficients type_id="opencv-matrix">
  <rows>5</rows>
  <cols>1</cols>
  <dt>d</dt>
  <data>
    -4.1173273996328597e-001 4.1989613837343714e-001
    2.3912212612043644e-003 3.5730565603517983e-004
    -5.3010187560369448e-001</data></distortion_coefficients>
<extrinsic_parameters type_id="opencv-matrix">
  <rows>5</rows>
  <cols>6</cols>
  <dt>d</dt>
  <data>
    1.9565519716509492e+000 -1.9223794029526033e+000
    1.7783284195955254e-001 1.0545813326809768e+002
    8.2046108183230572e+001 2.1944262918432841e+002
    1.9684790799840752e+000 -2.1749822051058976e+000
    7.3080088554289946e-001 1.3934274013765602e+002
    7.3901967569776517e+001 2.9789553012535765e+002
    1.7300109763349556e+000 -1.9682553755142600e+000
    -3.7434630660962936e-001 5.9096653366112172e+001
    8.7899831548072058e+001 2.8318984572946943e+002
    -1.9261629259488173e+000 1.9308975361253622e+000
    4.1970971361881998e-001 1.1870321090869786e+002
    5.8220644284275025e+001 3.9451066869793891e+002
    1.8055425285114641e+000 -1.9434734133816149e+000
    6.9186418063758348e-001 1.1056066554880971e+002
    4.1010341580745377e+000 2.4127051156046156e+002</data></extrinsic_parameters>
</opencv_storage>
