%YAML:1.0
CameraExtrinsicMat: !!opencv-matrix
   rows: 4
   cols: 4
   dt: d
   data: [0.9985185054452752, -0.0002205635539018046, -0.05441273412586991, 0.3170828446258461,
          0.008274206720860815, 0.988978224823703, 0.1478296598375895, 0.05609607635508704,
          0.05378040336846108, -0.148060873211918, 0.9875148839573255, 0.02133645246103623,
          0., 0., 0., 1. ]
CameraMat: !!opencv-matrix
   rows: 3
   cols: 3
   dt: d
   data: [458.596068, 0.000000, 259.527816,
         0.000000, 456.139433 ,198.555600,
        0.000000 ,0.000000, 1.000000]
DistCoeff: !!opencv-matrix
   rows: 1
   cols: 5
   dt: d
   data: [ -0.022247, 0.073679,-0.000323 ,0.001078 ,0.000000]
ImageSize: [ 516, 388 ]


